0 0.412539 0.061370 0.125012 0.073643
0 0.407934 0.138243 0.142119 0.067183
0 0.397406 0.214470 0.150014 0.074935
0 0.407934 0.290698 0.142119 0.064599
0 0.395433 0.372739 0.111853 0.078811
0 0.389511 0.444444 0.176333 0.059432
0 0.404644 0.527132 0.138171 0.064599
0 0.382273 0.607881 0.114485 0.089147
0 0.392801 0.693152 0.117116 0.073643
0 0.406618 0.775840 0.142119 0.078811
0 0.384905 0.886305 0.098694 0.121447
0 0.411223 0.954134 0.132907 0.078811
0 0.852713 0.045866 0.144751 0.063307
0 0.851397 0.129199 0.155278 0.077519
0 0.856661 0.209302 0.107905 0.077519
0 0.853371 0.291344 0.193440 0.060724
0 0.863241 0.355943 0.094746 0.058140
0 0.879031 0.437339 0.110537 0.078811
0 0.868508 0.522610 0.173708 0.071059
0 0.858635 0.591731 0.103957 0.093023
0 0.873110 0.671835 0.109221 0.098191
0 0.888901 0.759044 0.114485 0.099483
0 0.887585 0.845607 0.111853 0.071059
