0 0.627431 0.924837 0.198567 0.075163
0 0.857216 0.919935 0.199591 0.081699
0 0.855169 0.803922 0.172979 0.075163
0 0.846981 0.695261 0.154555 0.060458
0 0.848004 0.585784 0.107472 0.086601
0 0.617195 0.592320 0.155578 0.083333
0 0.620778 0.694444 0.140225 0.078431
0 0.395087 0.681373 0.202661 0.062092
0 0.394575 0.579248 0.175026 0.060458
0 0.391505 0.797386 0.203685 0.062092
0 0.626919 0.801471 0.142272 0.057190
0 0.402764 0.923203 0.215967 0.049020
0 0.175537 0.937908 0.224156 0.062092
0 0.165814 0.812092 0.133060 0.081699
0 0.168884 0.699346 0.149437 0.075163
0 0.161208 0.586601 0.082907 0.071895
