0 0.836745 0.468137 0.134084 0.102941
0 0.819345 0.326797 0.150461 0.094771
0 0.779427 0.178105 0.168884 0.114379
0 0.788127 0.053105 0.200614 0.089869
0 0.489765 0.044935 0.199591 0.083333
0 0.202149 0.044118 0.205732 0.078431
0 0.230809 0.165033 0.172979 0.107843
0 0.212897 0.284314 0.155578 0.088235
0 0.233367 0.450980 0.131013 0.091503
0 0.260491 0.595588 0.228250 0.142157
0 0.235926 0.732843 0.138178 0.089869
0 0.241044 0.862745 0.199591 0.078431
0 0.576254 0.846405 0.192426 0.075163
0 0.552712 0.732843 0.133060 0.096405
0 0.592119 0.598856 0.232344 0.148693
0 0.535824 0.466503 0.132037 0.099673
0 0.522006 0.322712 0.149437 0.089869
0 0.479017 0.166667 0.171955 0.107843
0 0.886899 0.602124 0.222108 0.148693
0 0.848516 0.738562 0.131013 0.101307
0 0.874104 0.850490 0.194473 0.073529
