0 0.212375 0.129363 0.299889 0.114990
0 0.593645 0.141684 0.282051 0.123203
0 0.834448 0.255647 0.257525 0.141684
0 0.515608 0.256674 0.295429 0.123203
0 0.505017 0.371663 0.254181 0.127310
0 0.528428 0.496920 0.251951 0.143737
0 0.497770 0.624230 0.277592 0.143737
0 0.496098 0.773101 0.260870 0.145791
0 0.538462 0.910678 0.285396 0.133470
0 0.175585 0.910678 0.290970 0.133470
0 0.157191 0.764887 0.272018 0.125257
0 0.164437 0.640657 0.277592 0.114990
0 0.181159 0.505133 0.259755 0.135524
0 0.187848 0.374743 0.297659 0.104723
0 0.184504 0.259754 0.264214 0.112936
0 0.829431 0.371663 0.240803 0.119097
0 0.845039 0.493840 0.249721 0.121150
0 0.828874 0.630390 0.264214 0.131417
0 0.814381 0.776181 0.266444 0.127310
0 0.841695 0.918891 0.267559 0.112936
