0 0.624360 0.741830 0.188332 0.137255
1 0.569601 0.778595 0.197544 0.151961
0 0.624360 0.741830 0.188332 0.137255
1 0.569601 0.778595 0.197544 0.151961
0 0.624360 0.741830 0.188332 0.137255
1 0.569601 0.778595 0.197544 0.151961
0 0.624360 0.741830 0.188332 0.137255
1 0.569601 0.778595 0.197544 0.151961
0 0.624360 0.741830 0.188332 0.137255
1 0.569601 0.778595 0.197544 0.151961
0 0.624360 0.741830 0.188332 0.137255
1 0.569601 0.778595 0.197544 0.151961
0 0.624360 0.741830 0.188332 0.137255
1 0.569601 0.778595 0.197544 0.151961
0 0.624360 0.741830 0.188332 0.137255
1 0.569601 0.778595 0.197544 0.151961
0 0.624360 0.741830 0.188332 0.137255
1 0.569601 0.778595 0.197544 0.151961
0 0.624360 0.741830 0.188332 0.137255
1 0.569601 0.778595 0.197544 0.151961
0 0.624360 0.741830 0.188332 0.137255
1 0.569601 0.778595 0.197544 0.151961
0 0.624360 0.741830 0.188332 0.137255
1 0.569601 0.778595 0.197544 0.151961
0 0.624360 0.741830 0.188332 0.137255
1 0.569601 0.778595 0.197544 0.151961
0 0.624360 0.741830 0.188332 0.137255
1 0.569601 0.778595 0.197544 0.151961
0 0.347492 0.815359 0.175026 0.147059
1 0.413511 0.837418 0.186285 0.142157
0 0.347492 0.815359 0.175026 0.147059
1 0.413511 0.837418 0.186285 0.142157
0 0.624360 0.741830 0.188332 0.137255
1 0.569601 0.778595 0.197544 0.151961
0 0.347492 0.815359 0.175026 0.147059
1 0.413511 0.837418 0.186285 0.142157
0 0.624360 0.741830 0.188332 0.137255
1 0.569601 0.778595 0.197544 0.151961
0 0.624360 0.741830 0.188332 0.137255
1 0.569601 0.778595 0.197544 0.151961
0 0.624360 0.741830 0.188332 0.137255
1 0.569601 0.778595 0.197544 0.151961
0 0.624360 0.741830 0.188332 0.137255
1 0.569601 0.778595 0.197544 0.151961
