0 0.546571 0.802288 0.118731 0.075163
0 0.541453 0.888889 0.077789 0.091503
0 0.564995 0.704248 0.085977 0.094771
0 0.563460 0.609477 0.044012 0.117647
0 0.567554 0.508170 0.091095 0.120915
0 0.550154 0.428922 0.084954 0.080065
0 0.549130 0.354575 0.099284 0.081699
0 0.538895 0.244281 0.089048 0.060458
0 0.551689 0.130719 0.057318 0.052288
0 0.889969 0.131536 0.078813 0.106209
0 0.874104 0.263072 0.083930 0.084967
0 0.882805 0.377451 0.072671 0.111111
0 0.871546 0.470588 0.107472 0.098039
0 0.861822 0.589869 0.098260 0.143791
