0 0.727738 0.539216 0.083930 0.065359
0 0.720573 0.465686 0.075742 0.058824
0 0.718526 0.376634 0.077789 0.053922
0 0.722108 0.296569 0.099284 0.076797
0 0.729273 0.199346 0.099284 0.062092
0 0.729785 0.119281 0.067554 0.065359
0 0.723132 0.036765 0.060389 0.070261
0 0.397134 0.040033 0.081883 0.080065
0 0.393040 0.123366 0.075742 0.076797
0 0.391505 0.206699 0.099284 0.063725
0 0.395599 0.290850 0.082907 0.078431
0 0.397134 0.372549 0.083930 0.075163
0 0.396111 0.455882 0.090072 0.062092
0 0.395599 0.535948 0.089048 0.058824
0 0.398669 0.615196 0.101331 0.070261
0 0.399693 0.700163 0.076766 0.066993
0 0.396622 0.776961 0.082907 0.066993
0 0.399181 0.861111 0.071648 0.058824
0 0.400205 0.945261 0.057318 0.053922
0 0.065507 0.536765 0.106448 0.053922
0 0.058342 0.616830 0.106448 0.076797
0 0.061924 0.697712 0.095189 0.065359
0 0.068066 0.782680 0.099284 0.058824
0 0.068066 0.866013 0.091095 0.052288
0 0.066018 0.944444 0.093142 0.065359
0 0.726714 0.966503 0.102354 0.053922
0 0.730809 0.881536 0.100307 0.066993
0 0.728250 0.797386 0.109519 0.055556
0 0.730809 0.704248 0.106448 0.058824
0 0.727738 0.625817 0.098260 0.062092
